============================================================
                    ETL QUALITY REPORT
============================================================

SUMMARISED REPORT:
  Original rows:                 515
  Duplicate rows removed:        1
  Rows after cleaning:           514
  Rows with issues:              412
  Clean rows:                    102
  Data quality score:            19.84%

DUPLICATES REMOVED
------------------------------------------------------------
  Total duplicates removed: 1

MISSING DATA FOUND
------------------------------------------------------------
  Age (261 rows)
    Row numbers: [2, 3, 4, 5, 10, 18, 24, 25, 26, 27, 28, 33, 35, 37, 38, 43, 45, 47, 48, 50, 51, 53, 57, 61, 62, 63, 64, 66, 67, 68, 69, 70, 73, 74, 75, 79, 80, 82, 83, 85, 86, 89, 92, 94, 95, 99, 107, 108, 112, 113, 115, 116, 117, 121, 123, 127, 129, 130, 131, 134, 135, 136, 138, 139, 140, 143, 144, 145, 146, 147, 151, 152, 153, 154, 155, 157, 158, 162, 164, 165, 166, 170, 172, 174, 175, 180, 181, 182, 183, 185, 186, 190, 191, 194, 196, 198, 199, 200, 202, 203, 204, 206, 210, 211, 212, 213, 215, 217, 219, 220, 222, 224, 225, 228, 229, 231, 232, 234, 235, 237, 238, 239, 240, 241, 244, 248, 249, 254, 255, 257, 258, 261, 263, 265, 266, 268, 269, 271, 272, 273, 274, 276, 277, 278, 280, 283, 284, 285, 286, 290, 291, 295, 296, 297, 298, 299, 300, 303, 304, 306, 307, 308, 309, 310, 314, 317, 318, 319, 321, 323, 325, 328, 330, 333, 334, 335, 339, 340, 341, 342, 344, 348, 351, 353, 354, 356, 357, 360, 362, 363, 364, 367, 370, 372, 376, 378, 379, 380, 381, 382, 383, 390, 391, 395, 396, 397, 400, 401, 403, 409, 410, 412, 415, 416, 421, 422, 424, 425, 426, 428, 429, 430, 433, 434, 435, 436, 439, 440, 441, 442, 444, 446, 447, 448, 449, 450, 451, 453, 455, 456, 457, 458, 460, 461, 464, 465, 467, 473, 476, 478, 479, 485, 488, 489, 490, 492, 493, 497, 498, 504, 514]

  Department (94 rows)
    Row numbers: [0, 11, 16, 20, 23, 40, 47, 52, 54, 62, 70, 77, 84, 86, 88, 91, 99, 108, 125, 136, 145, 147, 149, 158, 159, 161, 163, 164, 168, 171, 176, 179, 181, 183, 186, 190, 192, 200, 205, 215, 218, 223, 238, 240, 251, 253, 257, 258, 260, 261, 272, 276, 282, 289, 293, 296, 300, 303, 304, 307, 323, 326, 328, 329, 334, 338, 341, 342, 345, 352, 354, 355, 361, 371, 372, 380, 397, 407, 412, 413, 416, 422, 423, 439, 443, 451, 454, 463, 467, 474, 477, 481, 496, 499]

  Salary (240 rows)
    Row numbers: [2, 5, 7, 9, 10, 12, 17, 18, 19, 20, 21, 26, 27, 28, 30, 31, 35, 36, 37, 41, 43, 44, 46, 47, 51, 52, 53, 58, 66, 68, 69, 71, 72, 73, 74, 75, 76, 78, 80, 85, 89, 91, 93, 94, 97, 98, 102, 104, 106, 108, 110, 111, 112, 113, 116, 117, 118, 119, 120, 123, 125, 127, 128, 129, 131, 132, 136, 140, 141, 142, 143, 144, 146, 150, 153, 154, 157, 158, 161, 164, 170, 176, 180, 184, 186, 187, 188, 189, 191, 193, 196, 201, 202, 203, 205, 212, 214, 215, 219, 220, 221, 222, 227, 229, 230, 234, 236, 237, 238, 242, 244, 245, 250, 252, 254, 255, 258, 259, 260, 263, 264, 265, 266, 268, 269, 271, 272, 273, 274, 275, 276, 280, 286, 287, 290, 292, 294, 295, 296, 299, 300, 301, 302, 308, 309, 311, 312, 314, 315, 317, 320, 321, 324, 326, 330, 331, 335, 337, 339, 340, 342, 343, 344, 345, 346, 347, 348, 351, 354, 356, 360, 366, 371, 372, 374, 379, 382, 387, 389, 391, 392, 394, 396, 398, 399, 400, 401, 403, 405, 407, 413, 414, 415, 416, 417, 418, 419, 421, 424, 425, 426, 427, 428, 432, 434, 439, 441, 443, 448, 449, 450, 451, 453, 455, 456, 457, 458, 460, 462, 465, 469, 471, 473, 475, 476, 478, 479, 480, 481, 482, 483, 485, 492, 493, 496, 497, 498, 499, 510, 512]

  Date (2 rows)
    Row numbers: [513, 514]

  Email (2 rows)
    Row numbers: [506, 514]

  Phone (1 rows)
    Row numbers: [507]

INVALID DATA FOUND
------------------------------------------------------------
  Unknown department (94 rows)
    Row numbers: [0, 10, 15, 19, 22, 39, 46, 51, 53, 61, 69, 76, 83, 85, 87, 90, 98, 107, 124, 135, 144, 146, 148, 157, 158, 160, 162, 163, 167, 170, 175, 178, 180, 182, 185, 189, 191, 199, 204, 214, 217, 222, 237, 239, 250, 252, 256, 257, 259, 260, 271, 275, 281, 288, 292, 295, 299, 302, 303, 306, 322, 325, 327, 328, 333, 337, 340, 341, 344, 351, 353, 354, 360, 370, 371, 379, 396, 406, 411, 412, 415, 421, 422, 438, 442, 450, 453, 462, 466, 473, 476, 480, 495, 498]

  Missing age (261 rows)
    Row numbers: [1, 2, 3, 4, 9, 17, 23, 24, 25, 26, 27, 32, 34, 36, 37, 42, 44, 46, 47, 49, 50, 52, 56, 60, 61, 62, 63, 65, 66, 67, 68, 69, 72, 73, 74, 78, 79, 81, 82, 84, 85, 88, 91, 93, 94, 98, 106, 107, 111, 112, 114, 115, 116, 120, 122, 126, 128, 129, 130, 133, 134, 135, 137, 138, 139, 142, 143, 144, 145, 146, 150, 151, 152, 153, 154, 156, 157, 161, 163, 164, 165, 169, 171, 173, 174, 179, 180, 181, 182, 184, 185, 189, 190, 193, 195, 197, 198, 199, 201, 202, 203, 205, 209, 210, 211, 212, 214, 216, 218, 219, 221, 223, 224, 227, 228, 230, 231, 233, 234, 236, 237, 238, 239, 240, 243, 247, 248, 253, 254, 256, 257, 260, 262, 264, 265, 267, 268, 270, 271, 272, 273, 275, 276, 277, 279, 282, 283, 284, 285, 289, 290, 294, 295, 296, 297, 298, 299, 302, 303, 305, 306, 307, 308, 309, 313, 316, 317, 318, 320, 322, 324, 327, 329, 332, 333, 334, 338, 339, 340, 341, 343, 347, 350, 352, 353, 355, 356, 359, 361, 362, 363, 366, 369, 371, 375, 377, 378, 379, 380, 381, 382, 389, 390, 394, 395, 396, 399, 400, 402, 408, 409, 411, 414, 415, 420, 421, 423, 424, 425, 427, 428, 429, 432, 433, 434, 435, 438, 439, 440, 441, 443, 445, 446, 447, 448, 449, 450, 452, 454, 455, 456, 457, 459, 460, 463, 464, 466, 472, 475, 477, 478, 484, 487, 488, 489, 491, 492, 496, 497, 503, 513]

  Missing salary (240 rows)
    Row numbers: [1, 4, 6, 8, 9, 11, 16, 17, 18, 19, 20, 25, 26, 27, 29, 30, 34, 35, 36, 40, 42, 43, 45, 46, 50, 51, 52, 57, 65, 67, 68, 70, 71, 72, 73, 74, 75, 77, 79, 84, 88, 90, 92, 93, 96, 97, 101, 103, 105, 107, 109, 110, 111, 112, 115, 116, 117, 118, 119, 122, 124, 126, 127, 128, 130, 131, 135, 139, 140, 141, 142, 143, 145, 149, 152, 153, 156, 157, 160, 163, 169, 175, 179, 183, 185, 186, 187, 188, 190, 192, 195, 200, 201, 202, 204, 211, 213, 214, 218, 219, 220, 221, 226, 228, 229, 233, 235, 236, 237, 241, 243, 244, 249, 251, 253, 254, 257, 258, 259, 262, 263, 264, 265, 267, 268, 270, 271, 272, 273, 274, 275, 279, 285, 286, 289, 291, 293, 294, 295, 298, 299, 300, 301, 307, 308, 310, 311, 313, 314, 316, 319, 320, 323, 325, 329, 330, 334, 336, 338, 339, 341, 342, 343, 344, 345, 346, 347, 350, 353, 355, 359, 365, 370, 371, 373, 378, 381, 386, 388, 390, 391, 393, 395, 397, 398, 399, 400, 402, 404, 406, 412, 413, 414, 415, 416, 417, 418, 420, 423, 424, 425, 426, 427, 431, 433, 438, 440, 442, 447, 448, 449, 450, 452, 454, 455, 456, 457, 459, 461, 464, 468, 470, 472, 474, 475, 477, 478, 479, 480, 481, 482, 484, 491, 492, 495, 496, 497, 498, 509, 511]

  Invalid email (5 rows)
    Row numbers: [10, 12, 503, 504, 507]

  Invalid age (4 rows)
    Row numbers: [499, 500, 507, 508]

  Invalid salary (negative) (2 rows)
    Row numbers: [501, 513]

  Unknown email (2 rows)
    Row numbers: [505, 513]

  Invalid phone number (5 rows)
    Row numbers: [506, 507, 508, 509, 510]

  Missing date (2 rows)
    Row numbers: [512, 513]

  Missing phone number (1 rows)
    Row numbers: [513]

DATA FIXES APPLIED
------------------------------------------------------------
  Missing text values -> 'Unknown'
  Missing number values -> 0
  Invalid dates -> Standardized to YYYY-MM-DD
  Duplicates -> 1 rows removed

============================================================
  Report generated by ETL Tool
============================================================
